Run on computer:
aomaster

Currently Loaded Modulefiles:
  1) modules     2) gcc/9.2.0   3) pgi/20.7
Currently Loaded Modulefiles:
  1) modules     2) gcc/9.2.0   3) pgi/20.7    4) cuda/9.0
Find shortest path for 250 cities. 500 Epochs. Population Size: 40000
Fitness: 471084.593750
Fitness: 284629.156250
Fitness: 222886.500000
Fitness: 191407.156250
Fitness: 173978.562500
Fitness: 156248.593750
Fitness: 144422.296875
Fitness: 137923.968750
Fitness: 129468.640625
Fitness: 123150.750000
98,226,71,206,195,70,168,94,1,215,47,40,246,217,125,99,165,173,142,77,34,19,96,166,177,148,26,152,73,91,231,151,167,7,56,75,212,249,105,156,229,144,44,230,121,149,22,2,237,58,210,64,164,5,221,61,95,140,123,136,223,90,243,213,153,41,59,202,80,52,86,119,42,207,222,154,4,163,112,193,132,0,235,188,159,49,69,3,63,101,104,147,100,211,208,232,9,190,84,88,8,145,209,124,196,74,194,33,82,182,214,199,78,60,117,130,179,83,122,21,11,103,201,245,28,172,32,155,160,239,242,143,234,53,39,183,175,174,92,6,158,203,37,115,198,186,129,66,180,146,141,10,13,187,14,106,16,220,137,127,85,12,150,224,57,131,27,197,15,20,79,205,76,169,238,191,107,18,23,133,102,89,118,114,46,17,181,171,116,139,216,108,93,240,24,233,244,126,157,48,87,36,134,25,120,31,218,97,225,68,110,236,62,176,29,200,30,45,35,138,38,189,54,161,67,228,192,55,247,65,50,248,43,113,178,72,81,219,135,241,109,128,204,162,227,111,185,170,51,184
Total Distance: 119997.281250

 Performance counter stats for './v7 500':

         49.000,87 msec task-clock                #    3,436 CPUs utilized          
             1.596      context-switches          #    0,033 K/sec                  
                 4      cpu-migrations            #    0,000 K/sec                  
           208.215      page-faults               #    0,004 M/sec                  
   122.172.326.889      cycles                    #    2,493 GHz                      (83,33%)
    56.362.973.559      stalled-cycles-frontend   #   46,13% frontend cycles idle     (83,33%)
    42.843.178.984      stalled-cycles-backend    #   35,07% backend cycles idle      (66,64%)
   128.013.581.179      instructions              #    1,05  insn per cycle         
                                                  #    0,44  stalled cycles per insn  (83,31%)
    22.813.547.630      branches                  #  465,574 M/sec                    (83,34%)
       608.084.642      branch-misses             #    2,67% of all branches          (83,36%)

      14,261266893 seconds time elapsed

      48,529365000 seconds user
       0,526296000 seconds sys



Find shortest path for 250 cities. 500 Epochs. Population Size: 40000
Fitness: 471084.593750
Fitness: 284629.156250
Fitness: 222886.500000
Fitness: 191407.156250
Fitness: 173978.562500
Fitness: 156248.593750
Fitness: 144422.296875
Fitness: 137923.968750
Fitness: 129468.640625
Fitness: 123150.750000
98,226,71,206,195,70,168,94,1,215,47,40,246,217,125,99,165,173,142,77,34,19,96,166,177,148,26,152,73,91,231,151,167,7,56,75,212,249,105,156,229,144,44,230,121,149,22,2,237,58,210,64,164,5,221,61,95,140,123,136,223,90,243,213,153,41,59,202,80,52,86,119,42,207,222,154,4,163,112,193,132,0,235,188,159,49,69,3,63,101,104,147,100,211,208,232,9,190,84,88,8,145,209,124,196,74,194,33,82,182,214,199,78,60,117,130,179,83,122,21,11,103,201,245,28,172,32,155,160,239,242,143,234,53,39,183,175,174,92,6,158,203,37,115,198,186,129,66,180,146,141,10,13,187,14,106,16,220,137,127,85,12,150,224,57,131,27,197,15,20,79,205,76,169,238,191,107,18,23,133,102,89,118,114,46,17,181,171,116,139,216,108,93,240,24,233,244,126,157,48,87,36,134,25,120,31,218,97,225,68,110,236,62,176,29,200,30,45,35,138,38,189,54,161,67,228,192,55,247,65,50,248,43,113,178,72,81,219,135,241,109,128,204,162,227,111,185,170,51,184
Total Distance: 119997.281250

 Performance counter stats for './v7 500':

         49.315,55 msec task-clock                #    3,426 CPUs utilized          
             1.588      context-switches          #    0,032 K/sec                  
                 8      cpu-migrations            #    0,000 K/sec                  
           208.954      page-faults               #    0,004 M/sec                  
   122.912.875.400      cycles                    #    2,492 GHz                      (83,33%)
    56.787.133.057      stalled-cycles-frontend   #   46,20% frontend cycles idle     (83,35%)
    41.044.299.634      stalled-cycles-backend    #   33,39% backend cycles idle      (66,67%)
   128.387.347.282      instructions              #    1,04  insn per cycle         
                                                  #    0,44  stalled cycles per insn  (83,33%)
    22.949.719.689      branches                  #  465,365 M/sec                    (83,32%)
       608.818.798      branch-misses             #    2,65% of all branches          (83,33%)

      14,392632375 seconds time elapsed

      48,803399000 seconds user
       0,565398000 seconds sys



Find shortest path for 250 cities. 500 Epochs. Population Size: 40000
Fitness: 471084.593750
Fitness: 284629.156250
Fitness: 222886.500000
Fitness: 191407.156250
Fitness: 173978.562500
Fitness: 156248.593750
Fitness: 144422.296875
Fitness: 137923.968750
Fitness: 129468.640625
Fitness: 123150.750000
98,226,71,206,195,70,168,94,1,215,47,40,246,217,125,99,165,173,142,77,34,19,96,166,177,148,26,152,73,91,231,151,167,7,56,75,212,249,105,156,229,144,44,230,121,149,22,2,237,58,210,64,164,5,221,61,95,140,123,136,223,90,243,213,153,41,59,202,80,52,86,119,42,207,222,154,4,163,112,193,132,0,235,188,159,49,69,3,63,101,104,147,100,211,208,232,9,190,84,88,8,145,209,124,196,74,194,33,82,182,214,199,78,60,117,130,179,83,122,21,11,103,201,245,28,172,32,155,160,239,242,143,234,53,39,183,175,174,92,6,158,203,37,115,198,186,129,66,180,146,141,10,13,187,14,106,16,220,137,127,85,12,150,224,57,131,27,197,15,20,79,205,76,169,238,191,107,18,23,133,102,89,118,114,46,17,181,171,116,139,216,108,93,240,24,233,244,126,157,48,87,36,134,25,120,31,218,97,225,68,110,236,62,176,29,200,30,45,35,138,38,189,54,161,67,228,192,55,247,65,50,248,43,113,178,72,81,219,135,241,109,128,204,162,227,111,185,170,51,184
Total Distance: 119997.281250

 Performance counter stats for './v7 500':

         48.775,52 msec task-clock                #    3,407 CPUs utilized          
             1.587      context-switches          #    0,033 K/sec                  
                 3      cpu-migrations            #    0,000 K/sec                  
           207.214      page-faults               #    0,004 M/sec                  
   121.851.826.523      cycles                    #    2,498 GHz                      (83,31%)
    56.276.408.921      stalled-cycles-frontend   #   46,18% frontend cycles idle     (83,36%)
    41.247.662.968      stalled-cycles-backend    #   33,85% backend cycles idle      (66,65%)
   127.652.167.864      instructions              #    1,05  insn per cycle         
                                                  #    0,44  stalled cycles per insn  (83,32%)
    22.676.479.558      branches                  #  464,915 M/sec                    (83,34%)
       611.695.196      branch-misses             #    2,70% of all branches          (83,34%)

      14,316427527 seconds time elapsed

      48,315975000 seconds user
       0,513052000 seconds sys



